{"cities":{"Anaa":0,"Arrabury":1,"El Arish":2,"Annaba":3,"Apalachicola":4,"Arapoti":5,"Aachen":6,"Arraias":7,"Awaradam":8,"Aranuka":9,"Aalborg":10,"Mala Mala":11,"Al Ain":12,"Anaco":13,"Anapa":14,"Aarhus":15,"Apalapsili":16,"Altay":17,"Asau":18,"Surallah":19,"Abbottabad":20,"Araxa":21,"Al Ghaydah":22,"Quetzaltenango":23,"Abakan":24,"Asaba":25,"Albacete":26,"Abadan":27,"Allentown":28,"Abaiang":29,"Abingdon":30,"Alpha":31,"Abilene":32,"Abidjan":33,"Kabri Dar":34,"Ambler":35,"Bamaga":36,"Albina":37,"Aboisso":38,"Atkamba":39,"Albuquerque":40,"Aberdeen":49,"Abu Simbel":42,"Al-Baha":43,"Atambua":44,"Abuja":45,"Abau":46,"Albury":47,"Albany":48,"Acapulco":50,"Bellaire":51,"Accra":52,"Acandi":53,"Arrecife":54,"Altenrhein":55,"Alderney":56,"Anuradhapura":57,"Nantucket":58,"Aguaclara":59,"Arica":60,"Acuna":61,"Sahand":62,"Araracuara":63,"Achinsk":64,"Waco":65,"Achutupo":66,"Arcata":67,"Xingyi":68,"Zabol":69,"Adana":70,"Andakombe":71,"Addis Ababa":72,"Aden":73,"Adiyaman":74,"Adrian":75,"Aldan":76,"Arandis":77,"Adak Island":78,"Adelaide":79,"Ardmore":80,"Andes":81,"Andamooka":82,"Ampara":83,"Kodiak":84,"Andrews":85,"Ada":86,"Ardabil":87,"Camp Springs":88,"St Andrews":89,"Alldays":90,"San Andres Island":91,"Abemama Atoll":92,"Baise":93,"Aleneva":94,"Adareil":95,"Aek Godang":96,"Abeche":97,"Algeciras":98,"Aseki":99},"matrix":[[0,7567.297328183441,18446.82703760284,16590.96591743033,8303.967348729053,9789.753034472991,15492.393103817205,10466.191663132748,10139.90966932988,4880.240104730424,15117.64974430017,15349.851825852651,17676.918707857785,9367.741599388843,16907.817068271906,15206.49733734932,8321.73634864703,14102.404922208636,2940.878392944301,10194.264268899045,15729.940759041074,10229.009733899085,18139.142192113733,6897.672711311029,13681.113440162337,15042.25759980005,15730.160636540259,17988.78279614023,9642.411248996077,4981.083923788273,7525.581864885518,7059.50437053468,7341.78872708649,15624.162603107563,18458.70377144783,9411.509236541342,7772.599046155401,10327.798642246018,15705.38272886683,8057.897460616448,7093.650739157483,8407.47415591241,19346.945438920142,19188.985164999503,9679.3955991189,16928.02458697464,7130.987984445438,6913.682055158419,8476.04320486777,14619.05683088407,6257.404820470209,9184.68067950297,16026.836249428066,8006.254239979238,14944.191409984835,15932.413206303916,15116.696951401527,14965.807204787352,10081.827303323966,8308.437320434887,8197.71744557112,7025.386932007375,17490.06725225095,8202.046679011677,13648.270442322244,7462.795470194461,7802.189284485548,6816.013915662335,12734.727932363605,16877.529720369665,17795.56564470257,7533.150313294136,19008.929252948183,18798.050599771468,17685.369866709047,9080.445090166135,11572.447117318834,15138.210615331765,8239.555625616056,7676.845970857902,7667.2480425451995,8036.356768913826,7869.2985723941565,14803.05954997054,8346.82007071407,8953.172053659342,7727.494651703302,17292.760345240742,9442.233160881568,14638.235412039247,15557.965326842412,7734.106612624982,4868.574036322862,12510.454148340978,8377.292426159966,19217.961417400522,12724.191804238373,18501.395917682363,15549.008648500134,7467.755184958028],[7567.297328183441,0,13050.032942843727,15499.018217104445,15522.294914723017,14247.435993493054,15384.274695815247,15526.430742582826,16937.308875781167,4587.152467758696,14918.35554966113,10532.821634979035,10757.432634895442,16717.836318531045,13105.367443532798,14934.34975597114,2540.550176605745,9821.141469899487,5029.913466720406,4070.2140297047913,9837.241946691165,14798.989315240315,10699.410032120797,14435.888774566454,10129.489933900124,15820.89879111961,16320.677463715574,11716.163479982099,16334.608522736975,4680.859665810137,1028.6756436962748,656.8755908679187,14180.570548378944,15603.219621237322,11014.265179262946,11590.03185414768,1758.3489957366814,17163.875480231425,15551.01460488162,2294.33027255455,13611.893371310885,14420.541521822572,12951.644165783342,11900.16359931474,2589.6176036564366,14777.842462835471,2004.8550691380624,1182.7664765100715,15622.67589579597,15558.949802772182,13694.581358876167,15454.250977047615,15286.128255664515,15502.9105292783,17514.527715042273,15230.778127366104,15975.883206498476,7607.4352740053355,16747.848103984907,15656.197959197978,15260.03401019457,13997.65874697337,12171.728794859786,15346.440899657933,10376.841993550239,14402.508359581012,15333.475169668018,12296.882594879322,6937.83030806786,10598.192705042897,13079.558780645508,2231.531306582976,11665.632514158728,11231.023955277498,12848.425826171295,15603.069427601342,9595.043999654186,12047.51172842893,9661.53947813042,944.1220482145587,14462.33106225817,15454.942926909984,611.4624472136675,7431.256022399373,11229.842710981293,16061.562791582046,14501.646920041694,12020.115238698532,16255.11961967079,15646.25219379484,10873.79527706245,15298.300090709065,4632.875643878704,6695.647204207459,11220.549848866372,12295.592567735688,5443.75048396964,13670.335200225869,16685.397775229932,2219.967742971436],[18446.82703760284,13050.032942843727,0,2465.4484152331756,10651.391225169433,10794.719180022757,3154.367584798932,9883.346876297735,9699.503988275324,14537.378957252917,3413.4385599691104,6223.973598702934,2293.8177035705894,10236.366795607477,1561.9141994642562,3331.012742611921,11706.552888661694,4902.320932797562,16682.750683741255,9740.26483958328,3690.222269182512,10278.646291917366,2498.562004261724,12250.221003127508,5181.768814392414,3650.577822035126,3333.6827646168226,1385.0842801491558,9219.209732000929,14399.551454889743,12828.749040175719,13434.24814548916,11418.448888778781,4868.849523608964,2925.529397425605,9049.623065103558,12405.723097409273,9486.021331497512,4795.986286888701,12005.382939120927,11569.715407865964,10228.559618693025,997.5279869745034,1440.1928177642696,10637.932258878564,3681.3513381371517,12958.44220348097,13926.20440718614,10457.297912219172,3984.313420374928,12734.711137545171,9546.664275659728,4532.783584365143,11469.664208262966,4530.385614582537,2742.1625483704925,3625.7541281154026,5443.860935502559,8806.846104303753,11310.068324696142,11603.230476439594,11760.730938649584,1330.7879243083999,11552.365728789262,5154.831192948249,11336.194969132606,11618.682352257802,11680.745778310677,6898.1017512353565,2638.841720338936,668.1749521268263,12505.710608768653,2517.70957129195,2341.097232840064,844.0251423798921,9699.597231176338,7186.462377443407,6279.30712319022,10319.668312288946,13167.381749605274,11098.201622954808,11524.413787564252,12884.823410378403,5620.457725774661,10110.492502143632,9992.846430063111,11035.349582058288,1558.182742505791,9438.140320299759,3981.333641147565,6003.231067614303,11593.395694093902,14534.726307217183,7145.652918403771,10080.779755044052,2345.0334335493917,7625.617978600527,2329.7293018125492,3645.931462220801,12571.109506563535],[16590.96591743033,15499.018217104445,2465.4484152331756,0,8309.752158104035,9069.159152919783,1557.70589063525,7956.491831472488,7377.944823214128,15648.785943715606,2252.383153387376,7288.822674146264,4747.914664603903,7806.658566112305,2621.372118597128,2158.14111462943,13867.596173958156,6414.291464978744,17416.910042739226,11912.260188615875,5811.029707044738,8498.235481318145,4916.102837797509,9825.234915608286,6409.591607545944,1799.414632842549,881.8527907396414,3782.946404510011,6948.902661313594,15480.122912741617,15173.457239084966,15834.534172903619,9254.504561804677,3708.1668609792464,4980.298533824398,8397.111540366763,14650.955777429814,7155.805421375418,3666.255477590245,14180.458530073203,9541.049148553273,8265.14689626465,2793.4304353762,3751.575366780623,13015.77769433107,3093.5664739521158,15103.842665816139,16387.78451173772,8130.161271497209,2376.092048570924,10380.394994881533,7429.171229225197,3564.6308355925853,9008.187963592381,2176.851757804436,1194.258842073758,1643.7504639811216,7903.675610297349,6511.227547980737,8873.823415557054,9222.677338562882,9566.64032532454,3377.168664881136,9154.759896257357,6263.069679691972,9128.748882017419,9153.592335371171,10076.579375817022,8958.688700444884,4932.125596685028,2437.3113530997425,14633.734422978301,4393.929880141347,4560.520306366545,2684.38976720285,7516.834491369516,7943.071693511619,6628.166129540736,10142.112296119625,15625.526638738438,8928.940153678093,9074.253508295978,15350.255016609193,8080.648029179985,9333.671984572346,7655.155794788871,8869.396578546875,3553.9032062163706,7150.818824081753,2315.1250613640937,6979.810025633821,9130.536794598409,15624.389970126726,9212.515605036477,9315.450036261642,3902.9942109128506,10057.059840242451,2863.685593101541,1186.556520271055,14695.309084273156],[8303.967348729053,15522.294914723017,10651.391225169433,8309.752158104035,0,7067.966569841772,7565.38430690846,6254.25919131467,4237.09278224849,11100.336139073765,7553.658598372925,13794.061428786019,12697.254569925446,3105.5201365134576,9871.089328640948,7604.913965771079,14554.196068442674,11371.452231355042,10519.75849822102,14899.446986170135,12547.59399829319,6831.257776199655,13147.054735070342,1782.4405762229383,10729.665227687146,7047.027459140014,7434.992899854536,11698.27915413092,1490.1661247818693,11042.525611373589,14967.047787336902,14884.064368907002,1435.3037980778201,8854.858296878952,13251.466801253786,6247.974643561392,14692.50139837021,4213.079789529038,8914.313989351256,14526.771734682932,2110.6478714360383,2104.986795902617,11100.626767526826,12041.370099796944,16157.18369808904,9727.779564657922,14058.519009192492,15172.146040386291,219.91349345884393,6854.372539839733,2083.4019248916197,1695.845995793411,9198.73379147357,2491.3909324735496,6797.858748885309,7938.957901850183,7040.928706881596,15500.325300847044,1856.901795074105,3050.0979102376127,3795.280296986003,1541.2939446224486,10987.292234685965,3608.7851855052572,10443.039571786323,1180.3889392925764,2307.0635157197435,3725.729940120979,13827.894855079028,12382.449635332907,10335.50713743535,14164.254967303219,12625.315607254357,12870.272022593565,10471.857585259975,1355.5544774921661,9796.946067093035,12137.826724282699,7560.8940663415515,15911.79690266522,1242.202439697391,2839.470832271987,15995.01949724729,15651.627934641412,5929.057044164577,658.6051594082239,1233.3689281258019,11034.887070401306,1254.30183204869,6825.820413362011,13472.622791420054,1936.4859541985402,11056.978600048062,13935.81182495384,5958.699750654841,12042.85289574497,16521.85069828615,10718.139609261856,7247.972501214933,14126.635160344364],[9789.753034472991,14247.435993493054,10794.719180022757,9069.159152919783,7067.966569841772,0,9959.855631416078,1279.7295582718752,3171.849911635568,14639.852111125076,10594.766106748026,8091.013006156508,12562.940629577552,4055.2291327654457,11654.457516475177,10549.920724830537,16749.27932660146,15483.19067678686,12532.17896441779,17955.432401927923,14441.932797743242,584.3574047616545,11919.447092838078,6268.210929383393,15417.449259385108,9658.549330540012,8605.217665626362,12057.732756763133,7673.1137119869045,14755.794004133071,15161.374205254127,14417.31942350062,8222.03106812913,5942.351288861783,10722.643236523933,13243.15910090632,15897.48600851207,3324.506347254794,6018.5784545874285,16458.55025047826,8891.039528014246,9163.38295045011,10193.476971292204,11050.737054661662,16274.310922612507,7201.710282718362,15705.921186352465,13096.65939324337,7189.453299727052,10069.842626901922,7073.358419245257,8480.385467872164,6307.561383180214,4698.264021089987,7054.978207815874,9922.143299536428,9454.396502303336,14448.114974191474,7562.570274614949,4075.9805995957704,3414.0931784023805,8068.132702793573,12101.475152911484,3583.054876561894,15220.73079044782,7977.4331787260635,4958.865426259466,10527.137956591585,17463.432530222217,13308.410683382914,11184.247719798957,16154.89834613087,10272.152901550051,11067.214833113982,11456.97390610502,8140.304140872506,16160.462663013297,6560.135459928142,14593.52710350078,13391.657623085608,8186.960394923867,4357.331283656101,13841.586028092477,14524.281489344095,12994.276101335454,7133.610626586718,8204.139647433221,12323.223112130776,7542.882150860506,9973.92022808238,7929.577408551347,5353.5800802357135,14633.98389603374,17654.801313336688,13024.706935056489,9739.263876545072,15850.603894904774,8750.582243381994,8156.757896734372,16105.197415307972],[15492.393103817205,15384.274695815247,3154.367584798932,1557.70589063525,7565.38430690846,9959.855631416078,0,8740.022509417611,7700.671037411175,14228.576124468256,739.075834026421,8767.627849660992,5147.5442581609095,7833.088148262388,2401.0897975279463,657.9915941539032,13230.171753704612,5644.155814331389,15863.903127597738,11396.063079516603,5596.37969143378,9375.53857186644,5605.940979611172,9252.95458874004,5462.912445286128,522.1585314085161,1449.4025225938203,4140.556193636986,6101.146675933054,14058.472028312273,14742.183317176397,15488.695392111682,8264.31233963759,5146.7693480123635,6030.684776053169,6839.773508922404,14078.921495084327,7473.065899044262,5115.47639894379,13541.311081789481,8429.829183490221,7098.113418663287,3854.5631384390663,4593.045434367432,12795.468200294152,4645.98956355082,14362.252937297833,16512.18522142098,7361.839427482657,886.5050611979699,9636.617596632948,6392.313871844372,5056.011394183404,8810.35821897462,2931.8548034343,445.2055603760699,601.4693144251132,8187.661446622459,5708.61065005965,8831.705315109462,9335.57129366845,8608.099782991116,3477.555165724786,9227.261093044226,5260.980698788384,8186.082383866371,8890.215056867359,8725.809388710966,8463.087523295808,5004.37464557605,2771.122570224877,13905.818163776505,5528.849749432311,5487.40161363369,2910.750806078147,6550.30785249899,6672.465287276913,8183.732398619502,8597.12888783042,15851.289242358867,7944.571812048956,8958.551691100893,15461.014018162785,8361.552351862269,7784.6929046007735,6911.593925200976,7881.59728426464,3569.884291432322,6327.179500037572,856.3729829654185,8471.81399238658,8772.302113354564,14198.969285714542,8709.86250300551,7765.562344844525,5150.3736748532765,10121.30000769141,4316.305095451504,1870.486873584659,13958.565684002173],[10466.191663132748,15526.430742582826,9883.346876297735,7956.491831472488,6254.25919131467,1279.7295582718752,8740.022509417611,0,2089.054568585444,15330.473681908681,9353.208937889392,8261.334342808392,11860.549192765528,3150.1243931225235,10572.84850504394,9312.77778285245,18022.61681511781,14341.600912993175,13348.422369414582,18847.69361191082,13573.546692637097,739.6008453446215,11358.70148338908,5797.276083863403,14201.360179026255,8415.773587432042,7425.440298170469,11216.550358489407,6640.4196463436765,15413.036784600556,16437.117457076973,15689.694203118315,7542.321098431215,5161.592622160816,10303.732325833604,12226.878431572066,17167.074441761844,2194.9022357256213,5242.275481838989,17725.24111577998,8236.593669322834,8289.52372575526,9407.957033925886,10356.652315556592,17401.96884022103,6463.02690695303,16920.462391587986,14376.08617018567,6341.761689425994,8808.099677520995,6675.25013445597,7502.477941244921,5560.764217005392,4114.616299304344,5872.247790619822,8732.488472827969,8216.912466118103,14244.410328775572,6475.316369235771,3485.5843094330316,2997.3691022127955,7452.174527952884,11142.59256896764,3123.6369788966435,13988.40613307721,7284.037130804035,4400.720959843782,9900.436112931773,16774.762442503878,12490.528586445807,10196.261766706684,17382.826250197333,9773.105639262685,10532.51938040593,10468.965943815627,7180.292194659284,14895.034912846431,6604.007801037171,13796.479965132594,14663.005095264702,7450.649604846727,3812.263081526842,15110.482737695229,14358.855300868598,12134.912260931342,6207.942125536266,7456.8980727126955,11355.308311097851,6538.32841215557,8713.032352805352,8039.717584759894,4768.571253729733,15313.943844592557,17016.798249264706,12160.830670107485,9181.054154007954,16094.922680296637,8037.624371198931,6977.32843247668,17328.297953019235],[10139.90966932988,16937.308875781167,9699.503988275324,7377.944823214128,4237.09278224849,3171.849911635568,7700.671037411175,2089.054568585444,0,14557.56708442349,8172.405233209894,9877.256009044602,11947.807295183582,1177.7126576908731,9912.451004988974,8157.958125484774,18393.586591641608,13259.432423768607,13051.760294265152,18877.095792615426,13173.716508066002,2767.7930190147763,11747.799931992857,4139.439350375477,12907.192342143546,7271.70000612476,6642.684150428058,11082.576906866918,4553.424022496954,14571.030790736868,17478.74050167514,16790.568379030596,5596.439581665062,5701.447753123215,11017.22507539714,10143.150247321866,17901.529928049826,227.7675459435294,5780.489548555311,18175.31405402071,6295.140902821985,6221.989897422324,9532.157008643659,10585.278733533245,19432.51212867816,6936.707905434534,17270.459021702056,15769.421282348685,4302.4038959480595,7518.619093250409,5047.055297735976,5414.07273181944,6117.204182742096,2477.4828706231333,5207.288286008545,7825.8370706336345,7113.505914434572,14922.584059291403,4404.981292110979,1957.373993974722,1943.9911343660585,5561.5580313359715,10754.815508942778,1940.9126480203781,12645.992721512777,5333.317437620304,2761.4214283400615,7947.527094020219,16154.951396283159,12296.220123103005,9807.68349162019,17652.664536989083,10395.836837004024,11035.038207966229,10060.74673582428,5094.297984686995,13065.069649656907,8172.868975542182,11724.396567995627,16276.712087432395,5464.827416549374,2287.2169055434965,16727.120605831155,15081.985377314084,10056.184323036741,4133.90621472399,5463.480837772663,10930.50938894688,4449.273915178519,7434.161630197438,9603.607980625482,3051.5087713769667,14524.713991204635,16396.299905059306,10081.113107715744,9749.152408174634,17151.511293240543,8417.079056479713,6229.333832706372,17589.038482018725],[4880.240104730424,4587.152467758696,14537.378957252917,15648.785943715606,11100.336139073765,14639.852111125076,14228.576124468256,15330.473681908681,14557.56708442349,0,13490.099415613066,15101.480468293417,12802.231312298381,13503.372368795139,13415.473780169521,13575.031143609065,3841.695472046363,9657.47891361251,2147.6635429327816,5459.424149016248,10945.692952725953,15104.067499831044,13340.913375890043,10531.12594507286,9472.695545375544,14231.349581047722,15635.492394518738,13327.356028733167,11747.83214421696,170.1108362003409,3870.244881442208,3933.681874685735,9686.440108599687,19352.147477384027,14340.688996109995,7766.189709813194,3655.6095809098783,14685.708728159192,19298.157902103812,3671.280578013637,9069.86353590745,9837.6055945226,15196.412924222688,14316.097413777092,5489.712430083415,18188.215376194385,2983.2431119141916,4878.719336677063,11156.682586475552,13630.376417289963,9646.819552564912,10872.36837540422,19070.144543805418,12105.97561765077,16688.351904001767,14494.905249419697,14454.662541663018,10356.894509943693,12162.519850158335,12600.202116965935,12740.008866773327,9562.198677662527,13208.128639189568,12689.254697373008,9561.616981590329,9928.672525254353,11833.806067663234,7710.624367229003,7855.905261366233,12081.897065459896,14061.11376432866,3193.6948838507715,14906.507931952827,14162.764606857902,13797.45345915577,11016.30229444518,7730.381224979362,16625.92008772686,5822.936367458983,5329.3585239529775,9941.731006491049,12271.598230507505,5173.587711837613,10221.117333545117,7074.3309018892605,11553.305018263978,9974.140306849258,12981.246569577748,11676.026775622462,13720.753092981671,15436.27160949677,11599.369402116194,46.033595104544816,7630.2791404347045,7077.498888125323,15513.534233134884,8247.033213441908,16632.431351523173,15977.94449677809,3141.052640965011],[15117.64974430017,14918.35554966113,3413.4385599691104,2252.383153387376,7553.658598372925,10594.766106748026,739.075834026421,9353.208937889392,8172.405233209894,13490.099415613066,0,9322.043588431441,5157.1368510867005,8186.077363194978,2319.8535682877337,97.86091978429519,12639.278674195273,5102.708880789567,15165.549724630491,10868.672983784067,5299.159017554739,10011.0704021325,5740.325038551262,9297.815320527454,4855.048498548531,937.438214188419,2180.8208709901983,4178.320417033947,6065.673045967502,13319.989496099615,14188.242327617987,14942.572929239634,8095.1056353972435,5883.80984208153,6338.472179924305,6176.867298951857,13494.961778976498,7946.634166205002,5851.57303617653,12945.688812688502,8181.18234293667,6834.275619602624,4236.998187142009,4838.9901358492725,12353.471701183546,5344.961420765788,13727.259779032664,16086.764220536188,7341.266652591724,724.9873917479017,9583.346626513274,6231.456116454517,5785.776246583758,9045.887200252057,3621.780875574181,1061.6738786811493,1141.5678941829299,8053.826872752371,5710.935296676913,9136.210139150196,9696.805587064991,8451.838127316063,3437.4650904676632,9573.489010164989,4635.29711755206,8047.175772449553,9093.872444547946,8302.066644585851,7983.537742831609,4863.323468731154,2909.8844156313085,13280.425319067188,5894.230683097168,5744.743467652899,2983.8136615348035,6430.929346839737,5954.711969228043,8844.898505890777,7889.841188630956,15499.95242621214,7784.8913784151555,9228.218155607596,15078.222606658064,8222.423364115735,7151.356927171617,6915.366928868024,7720.996328094504,3481.7219604624984,6299.88781233725,782.8216054556323,9040.91586469564,8933.439076859215,13460.70990429835,8223.896322197386,7130.015851955172,5586.227419517059,9846.649670422694,4889.752072791958,2589.880227587829,13330.145452553536],[15349.851825852651,10532.821634979035,6223.973598702934,7288.822674146264,13794.061428786019,8091.013006156508,8767.627849660992,8261.334342808392,9877.256009044602,15101.480468293417,9322.043588431441,0,6041.091899805418,11046.155660693246,7772.504669412199,9225.450117673809,11597.307599525271,9842.288731701972,15019.933963328767,10627.522718522752,7900.908089998446,7988.971676831691,5078.166814916805,13995.916775147316,10449.077106672832,9085.917322113995,7898.178148344466,6386.743565867809,13155.496324489115,15174.868389488996,11238.779399994586,11189.600286823104,15223.971273649837,5086.889702027169,3767.8036025963693,15268.36563822983,11542.304427114148,9823.66080472941,5042.417617772473,11669.967796608702,15856.90177470014,15018.612799128592,5244.800643178074,5131.990338310564,9917.02704580849,4587.720485120302,12175.701982521887,10441.233955039332,13755.186719938913,9639.949430247701,14898.811583660621,13992.672390951837,4816.121740221953,12298.784797150942,7680.103328601987,8333.32994647267,8931.104336897035,6447.930557604639,12725.160280133083,11694.822081234975,11258.518485777757,15311.156353894372,7077.50596851229,11383.109926309106,10578.145141906774,14973.947097120768,12589.903464292569,17133.065537597635,9646.211690248787,6986.5758639384485,6883.290728142837,12063.622016276688,3838.2221741343255,4432.951600338918,6990.734326800648,13884.909409530272,12559.397886308185,1704.5450339598817,16176.766850828877,9869.073149855762,14981.107908377095,12032.772258052752,9964.820092829283,6493.214498123644,16333.403001742632,13371.931052208121,14950.825934238208,7236.572386542271,13242.211587150501,9589.123988770303,346.6355843894495,12916.720902402416,15146.30406699424,9750.840343720374,16303.025766556493,3878.9766355631014,7855.336598023643,4451.350386472024,7807.844156574855,12103.835439458955],[17676.918707857785,10757.432634895442,2293.8177035705894,4747.914664603903,12697.254569925446,12562.940629577552,5147.5442581609095,11860.549192765528,11947.807295183582,12802.231312298381,5157.1368510867005,6041.091899805418,0,12528.905929672468,2838.779705096278,5100.383494951795,9529.804243962835,3864.070271678135,14815.02229892952,7594.459702398588,2025.3015522353085,12122.385161914593,965.4951562925287,14400.10855249278,4422.939982104096,5669.374650786356,5601.145457920448,1009.6980636826314,11215.568718254952,12697.946358585672,10555.193417423696,11144.062141289565,13198.942108987776,6700.439518674747,2296.412529103167,9485.20055731199,10175.607754911916,11740.376549474726,6620.1620695152915,9815.701774956193,13168.816948524147,11839.971527558298,2470.480335926193,1514.4942984141892,8360.91047672757,5403.447596564015,10766.062582606952,11663.375360200544,12488.392831492063,5845.245627914997,14740.483469688563,11363.41323338474,6306.889330932135,13755.67641812204,6818.684825544388,4803.076675877503,5700.848953000505,3156.097425256994,10842.804194533925,13603.290203223403,13873.046960048445,13563.674467589017,1722.685465364205,13831.481099506489,4538.631005170752,13177.772268809385,13894.195051904162,12767.561740028863,4946.499024609381,954.2590228454451,2408.4851478769656,10330.939023674906,2470.077591535791,1694.154452736759,2238.580404857496,11581.233639881002,6559.28152826604,6798.899205264776,10141.274941251973,10913.791417807251,12901.716047725597,13817.641127442488,10610.346183358612,3333.187831293381,10528.661293926365,12049.202693247964,12837.768522892573,1715.5166303452427,11447.469040221575,5871.768127720959,5956.263684293282,13843.558876013787,12812.575764597106,5174.481468199609,10491.634022170952,2879.579658483265,5334.0005330847625,3832.0164079157366,5933.138964832692,10396.91505507945],[9367.741599388843,16717.836318531045,10236.366795607477,7806.658566112305,3105.5201365134576,4055.2291327654457,7833.088148262388,3150.1243931225235,1177.7126576908731,13503.372368795139,8186.077363194978,11046.155660693246,12528.905929672468,0,10179.497841314345,8190.438016357788,17326.527165994143,13105.222067024359,12195.917891269422,17985.526532512562,13428.214483622396,3753.2853782143916,12484.161139223861,2998.0427271641975,12636.672731011677,7353.745426810564,6991.626339426407,11587.79448297325,3636.0892975665183,13500.004814164857,16892.03703297052,16355.47774494,4432.4602480489,6684.394112510228,11917.820309832652,9187.9508252985,17065.714841540575,1224.902795993783,6760.261154059764,17174.577829856014,5131.245513691657,5149.472076318616,10225.225272432834,11289.13590548561,18988.82783142746,7858.03675604137,16381.913765808808,15676.51221134238,3192.2471164048916,7483.747944482042,3901.880944130065,4425.165895747751,7091.554764252821,1413.4184377509855,5712.341938695491,8038.2316025412065,7231.726741210726,15648.929375036842,3581.218271554268,1075.960013014965,1510.7285988693998,4386.820748348673,11138.752033185076,1394.1974501419093,12356.054508564532,4170.2227867414895,1673.5442481952878,6789.670614098372,16009.43524734516,12713.09578376626,10232.323096148619,16683.570955918956,11276.744211364281,11846.948472388945,10463.830363874282,4086.1572601765333,12398.170415433406,9341.6820888851,10651.855509805577,16337.389933273893,4315.655112427724,1331.5487707171749,16735.797661650384,15821.324526628674,8999.74756501989,3085.6569112848074,4318.179579262175,11286.120749370762,3493.2852066366904,7411.177511991786,10767.138802231686,1913.4299258020096,13467.41795777685,16212.986498954631,9027.13946983812,10625.88694026041,17861.532012646596,9257.425871940572,6622.138473175205,16626.119314598345],[16907.817068271906,13105.367443532798,1561.9141994642562,2621.372118597128,9871.089328640948,11654.457516475177,2401.0897975279463,10572.84850504394,9912.451004988974,13415.473780169521,2319.8535682877337,7772.504669412199,2838.779705096278,10179.497841314345,0,2266.2517590478637,11253.604295374456,3840.7880349733564,15521.24086753746,9310.510544067783,3270.2836755818844,11092.655498625556,3481.457397781456,11604.17252154419,3945.3395311704844,2916.3415873027643,3272.599696448027,1876.350922663045,8384.454191628734,13260.07162289831,12621.898013763639,13327.15409594774,10382.296338502243,5947.756580134948,4296.880746107322,7496.544187175033,12052.917173260297,9686.128972467028,5885.657569698128,11567.529735979633,10411.556113107647,9066.532888724045,2558.9300045567534,2764.8456200585447,10532.803379490282,4922.433468110895,12484.004575326622,14171.358092607301,9659.599320324602,3018.3147774967347,11902.267342159332,8531.994140534161,5679.034481283001,11207.690514066431,4771.849654664178,2143.6236440271273,2992.4200638543025,5791.4780367253015,8023.261132755892,11203.672840347486,11662.539772189022,10743.723473603955,1117.624404911489,11568.232838200212,3855.794609778155,10348.467849836095,11291.136971095062,10288.845304237484,6348.33129234456,2603.4236903744254,894.1989232943272,12013.658338645559,3996.235414633114,3640.883714150783,798.9746521357038,8743.495945131854,5788.770908093628,7818.635090195143,8772.174135993397,13474.978599201972,10078.418682024094,11346.027502852741,13106.077725952575,5964.4253210433935,8561.033338942276,9229.365790301688,10014.409310255123,1175.8648131577988,8618.068646498785,3051.882729963427,7559.811212564189,11170.607132676416,13403.307761777853,6601.945917638832,8530.52562321204,3896.8079357139545,7738.997257160652,3786.463155101188,3697.6306352420547,12074.89253380603],[15206.49733734932,14934.34975597114,3331.012742611921,2158.14111462943,7604.913965771079,10549.920724830537,657.9915941539032,9312.77778285245,8157.958125484774,13575.031143609065,97.86091978429519,9225.450117673809,5100.383494951795,8190.438016357788,2266.2517590478637,0,12675.905094199983,5125.65054099532,15260.464101333251,10892.313851938427,5281.384702350908,9965.899790033798,5671.461134277367,9343.840328336319,4891.72368095913,901.5496599814986,2105.22960539779,4117.14880883951,6118.292336601346,13404.922987761362,14218.716996296922,14972.269780190913,8163.368374716831,5797.384523526924,6255.157279619224,6274.404173137168,13530.667740935529,7931.736310768026,5764.475133032383,12983.416395028138,8256.944905755392,6910.64537096162,4147.205320943239,4759.401438062329,12363.339420809953,5250.02541969452,13773.649825289685,16098.101992710188,7393.350160095561,758.6082883082382,9640.612293091532,6297.580130298703,5695.926828285468,9067.624028735201,3560.762133607638,966.1101621488923,1096.08058475016,8016.66116563628,5758.878725752547,9148.363015630159,9700.965762511976,8519.044076014821,3383.1930719157617,9579.825560135383,4675.937695441915,8112.395882908701,9119.926148220626,8391.618170191017,7997.093973623553,4823.803589008965,2836.1796329418876,13324.515757921115,5806.567566130664,5664.999637150739,2916.427210794733,6492.965955279593,6022.715968060917,8747.515039365397,7984.510438719137,15499.14535241785,7852.020982090318,9245.37870013691,15081.441726870102,8186.053346263653,7249.217737998136,6964.330884790847,7788.176005750697,3433.1142796792737,6351.818108087655,806.247347594814,8943.868485202102,8964.924036162736,13545.958302056415,8238.719177743485,7227.8741537608785,5494.143150969068,9829.52453469387,4792.261807855899,2519.366807893451,13374.91422034908],[8321.73634864703,2540.550176605745,11706.552888661694,13867.596173958156,14554.196068442674,16749.27932660146,13230.171753704612,18022.61681511781,18393.586591641608,3841.695472046363,12639.278674195273,11597.307599525271,9529.804243962835,17326.527165994143,11253.604295374456,12675.905094199983,0,7592.372267403929,5387.6494422374035,1970.9272479195283,8084.871916102518,17317.722941035798,9817.608675236925,14330.19514670289,7784.446074134607,13576.008658651668,14486.156901629518,10325.605321520841,14658.696611444946,3835.052061313222,1588.3274806090706,2333.020597641078,13128.224369229596,15932.181018702793,10607.841675034668,9279.67070986466,857.1502304445712,18527.10921603299,15852.67872253232,314.87369363069433,12443.85856406107,12789.388268425813,11986.026830188961,10951.411606725445,1689.2451468251008,14683.213485935365,1253.7619527451081,3661.470587111458,14542.869939070708,13197.411756680985,13429.327842617668,13732.180236319025,15515.489170999412,15944.516507110673,16021.965235298423,13203.533019389779,13769.511385411099,6668.484196151109,14939.032897725372,16438.411626974685,16498.723869338963,13097.779823737004,10545.86729418922,16476.97105595298,8006.298048660698,13389.644652932802,15668.573323715498,10850.517690683899,4908.932691053733,9070.009463029402,11505.107103485829,801.6786452661113,11221.995227892186,10560.081390273725,11239.138253419442,13998.001742649212,7059.595160676773,13292.706674224894,7465.733039913936,3449.022843044872,13314.952941997843,16112.297315514741,3021.4034558985427,6515.226868611665,9122.56303300308,14825.924836135877,13329.265380723475,10349.686003524404,14691.732273149335,13292.041836845923,11892.458120140665,15413.150174475963,3875.615698913204,4655.106559735788,9104.95971607888,11865.135533889254,4465.8461937763395,13175.844638117791,14928.459194142873,867.580333952665],[14102.404922208636,9821.141469899487,4902.320932797562,6414.291464978744,11371.452231355042,15483.19067678686,5644.155814331389,14341.600912993175,13259.432423768607,9657.47891361251,5102.708880789567,9842.288731701972,3864.070271678135,13105.222067024359,3840.7880349733564,5125.65054099532,7592.372267403929,0,11803.160947886163,5766.665535200372,1947.7646339141709,14912.006911884604,4799.439341035389,13051.897605211203,705.4191329610798,6024.5190873010915,6916.8077604497685,3887.8574643746906,10051.687687496971,9512.718687185748,9101.324434712566,9851.9762924481,11063.276302227727,9725.700450335014,6154.454290741049,6104.191364282244,8436.59341052235,13035.975235737076,9657.655076306255,7905.4325038768,10692.550898608522,9631.99038506743,5705.472046918776,5144.870263235373,7287.658481995508,8582.158949315779,8764.728708646915,10998.11111582977,11160.130251316912,5741.349290757174,12799.200460473961,9682.859953557645,9416.166459708636,13595.021040593847,8469.555992744226,5615.531727103031,6202.6448733665,4441.002320611521,9886.482166742315,13891.555476829211,14573.9065239698,11400.313802027345,3575.029156774654,14417.949228160316,961.9246348888389,11181.893507506926,13528.112754735525,9652.335313364378,2923.4531215906527,2912.3629565886517,4404.398393340566,8298.285507306564,6306.774998837572,5554.46101630703,4139.9745487625205,10016.297765244828,2717.2229336921146,10653.433727850417,6341.115855213351,10474.940980517062,10876.998965185387,13872.557894774638,10032.306171262728,4535.269361996281,7035.353741513419,10902.423374541855,10823.717553091581,3347.9311182566385,10274.65790926957,5826.760855592761,9791.100276855459,13230.003562469368,9651.294442779192,3150.5946388595894,6995.827225086232,6614.049893255722,5268.36346639736,7176.855293669142,7364.613170335249,8355.034169411589],[2940.878392944301,5029.913466720406,16682.750683741255,17416.910042739226,10519.75849822102,12532.17896441779,15863.903127597738,13348.422369414582,13051.760294265152,2147.6635429327816,15165.549724630491,15019.933963328767,14815.02229892952,12195.917891269422,15521.24086753746,15260.464101333251,5387.6494422374035,11803.160947886163,0,7255.483168683136,13052.183801662695,13027.121931548269,15201.729001528052,9460.902280440383,11596.127452418572,15695.794233895927,17032.999191556642,15435.80044587477,11575.669155697855,2290.4452652568402,4747.4784397779085,4427.615461797723,9261.08101476956,18473.935725869876,15915.267158452021,9036.839464003866,4886.903810460779,13229.749780314141,18548.849556809415,5131.8956901985575,8787.097100223638,9878.882430668438,17273.570523263716,16300.63970379286,6817.359789273229,19519.654420721443,4223.545443143702,4744.647437578446,10641.759627249814,15090.763189702224,8675.623813874512,10858.164530097898,18810.789246153265,10795.164227252377,17247.095514152792,16226.332664320453,15889.91193354166,12051.822361382525,12030.521930507895,11166.468604129757,11118.18955470701,9031.25729827998,15354.886771275667,11110.973813554889,11668.824509604861,9456.469843652765,10561.423953664966,7837.71170000901,9897.958108936691,14171.590267827254,16204.000838662676,4606.569451725348,16557.422498280746,15942.963051653433,15942.473447318369,10885.204028677645,9757.554334021346,15942.700679761145,7276.078289591727,5428.234478546372,9568.276029283008,10872.409815851506,5475.265215548467,11895.017357185036,8135.652476661078,11103.833421284458,9616.925652961256,15128.211940456747,11431.086628733316,15163.730814148785,15357.091406898304,10425.699860390476,2152.381194929875,9660.958687421577,8150.947375681128,17208.30853007334,9825.7640798935,18561.229881985735,17187.09539361459,4541.7928172935035],[10194.264268899045,4070.2140297047913,9740.26483958328,11912.260188615875,14899.446986170135,17955.432401927923,11396.063079516603,18847.69361191082,18877.095792615426,5459.424149016248,10868.672983784067,10627.522718522752,7594.459702398588,17985.526532512562,9310.510544067783,10892.313851938427,1970.9272479195283,5766.665535200372,7255.483168683136,0,6115.964369423473,18291.35165084432,7957.227986265585,15374.119338905193,6060.106588861162,11790.686663190932,12569.740592166834,8362.334268936205,14397.501207344289,5406.506662241986,3349.4513423024678,4092.639080559147,13634.480265626251,14176.92100792196,8881.449321367101,8814.93679821808,2742.4291332746834,18693.103549407537,14095.215013851668,2277.4412242402723,12941.794911774005,12837.251897959999,10062.570626145867,9049.421519516709,1719.8633853961228,12881.472726873004,3224.5681455256517,5252.825410598772,14800.708354011238,11491.160274759679,14488.062298530534,13573.40885739732,13761.353689914524,17063.61271024972,14081.169439146286,11320.829561067903,11965.399159056062,4897.486971028085,14511.830106992817,17689.4183448032,18112.58062196162,13729.577030108943,8576.054739956133,18009.250074045187,6310.736724917295,13891.563865041264,16775.955596441163,11278.350459799896,2964.7656526621254,7102.0790339156,9535.19940771685,2766.2749293586144,9457.644748907136,8742.36996494905,9269.976109798881,13907.284844640175,5812.043041280196,12304.691752130948,7340.274092247239,4812.000938702104,13717.933979151972,17358.23874103672,4356.99807153626,4762.566913183155,8987.049826769333,14901.37439687228,13709.573167112256,8381.428288958032,14521.48541752341,11579.825082432772,10862.970254825654,16411.986997190095,5483.822012252579,2711.9988735418697,8959.354318412199,10081.28209954677,2864.4097211364974,11327.2740977472,13004.114418146053,2831.4463186007993],[15729.940759041074,9837.241946691165,3690.222269182512,5811.029707044738,12547.59399829319,14441.932797743242,5596.37969143378,13573.546692637097,13173.716508066002,10945.692952725953,5299.159017554739,7900.908089998446,2025.3015522353085,13428.214483622396,3270.2836755818844,5281.384702350908,8084.871916102518,1947.7646339141709,13052.183801662695,6115.964369423473,0,13949.628763355713,2904.0543812377787,14325.048723420203,2599.2323813613207,6083.5256811011095,6531.875062417881,2384.4780250144618,11095.286822950548,10824.89430167158,9371.919193156453,10063.771173493693,12567.854329522132,8501.561321324669,4262.514985312323,7962.483227001625,8843.728112036926,12948.540576265637,8424.68954778174,8393.204025888976,12314.867432130211,11118.571232185783,4251.346446065206,3466.3906549976023,7262.672673539654,7242.564923786425,9336.49151885322,10924.00280577439,12327.74986879331,6020.933719074719,14300.118924582797,10946.431472138367,8134.498125042413,14341.721296639904,7987.820923150596,5397.384963368019,6197.846495473322,2965.593693847788,10824.796059010785,14422.127328029308,14924.423098555058,12927.647680041464,2461.6091687433536,14821.883177442834,2785.575137271315,12635.242519221645,14374.286468931567,11469.753727936437,3212.3193703916427,1148.7164378117627,3420.7500617167593,8872.533629544369,4493.640190661511,3707.3177009088326,3154.2690160190646,11241.488600564684,4660.362419365192,8801.400423178662,8287.417331477123,10256.123488581949,12330.728987485621,14526.756927145878,9866.068154160925,3108.178559356327,8935.706503454647,11975.75746215442,12271.201492832744,2265.581668843496,11332.115904377575,6081.959229727615,7861.337444233756,14177.750610918198,10950.03491550898,3462.196904863936,8896.571289464891,4892.4889306433415,4548.139837044331,5710.043878207056,6944.980006960758,8936.684868401046],[10229.009733899085,14798.989315240315,10278.646291917366,8498.235481318145,6831.257776199655,584.3574047616545,9375.53857186644,739.6008453446215,2767.7930190147763,15104.067499831044,10011.0704021325,7988.971676831691,12122.385161914593,3753.2853782143916,11092.655498625556,9965.899790033798,17317.722941035798,14912.0069